22890329018
22890329021
22890329229
22890329266
22890329519
22890329671
22890329794
22890329827
22890329877
22890329966
22890336070
22890336090
22890336221
22890336372
22890336526
22890336583
22890336658
22890336765
22890336813
22890336998
22890342236
22890342402
22890342427
22890342454
22890342553
22890342719
22890342742
22890342748
22890342803
22890342915
22890343033
22890343045
22890343166
22890343275
22890343413
22890343473
22890343608
22890343616
22890343637
22890343652
22890348017
22890348050
22890348064
22890348067
22890348286
22890348681
22890348887
22890348895
22890348946
22890348974
22890349139
22890349219
22890349244
22890349267
22890349314
22890349356
22890349555
22890349779
22890349876
22890349988
22890350051
22890350152
22890350154
22890350184
22890350331
22890350449
22890350572
22890350790
22890350834
22890350901
22890361089
22890361344
22890361391
22890361405
22890361570
22890361601
22890361624
22890361692
22890361833
22890361903
22890364106
22890364141
22890364543
22890364787
22890364805
22890364809
22890364842
22890364846
22890364848
22890364953
22890372118
22890372174
22890372212
22890372237
22890372434
22890372456
22890372479
22890372617
22890372644
22890372714